procs -----------memory---------- ---swap-- -----io---- -system-- ------cpu-----
 r  b   swpd   free   buff  cache   si   so    bi    bo   in   cs us sy id wa st
 2  0    768 560792 865744 2381280    0    0    29    10  300  426  7  3 90  0  0
 1  0    768 550388 865752 2381280    0    0     0    20 7010 14506  5  2 93  0  0
 2  0    768 540080 865752 2381280    0    0     0     0 6778 14609  5  2 93  0  0
 1  0    768 529496 865752 2381280    0    0     0     0 6762 14170  5  2 93  0  0
 0  0    768 519644 865752 2381280    0    0     0     0 6692 14511  5  3 92  0  0
 0  0    768 509336 865752 2381280    0    0     0     0 6687 13938  5  2 93  0  0
 1  0    768 502832 865752 2381280    0    0     0     0 7402 16370  5  3 92  0  0
 0  0    768 493004 865760 2381280    0    0     0    16 7398 17167  6  4 90  0  0
 0  0    768 482420 865760 2381280    0    0     0     0 7097 15516  5  2 92  0  0
 0  0    768 467552 865760 2384872    0    0     0     0 7248 16679  6  4 91  0  0
 0  0    768 457456 865760 2384360    0    0     0     0 7199 16494  6  3 91  0  0
 3  0    768 447124 865760 2384360    0    0     0    20 6808 16796  6  2 91  0  0
 3  0    768 436444 865760 2384480    0    0     0     0 6994 15387  5  3 92  0  0
 1  0    768 428476 865760 2384616    0    0     0     0 6899 14708  5  3 92  0  0
 0  0    768 418144 865768 2384360    0    0     0    64 6621 14911  5  2 93  0  0
 0  0    768 410116 865768 2381396    0    0     0     0 6623 14711  5  2 93  0  0
 1  0    768 400252 865768 2381288    0    0     0     0 6372 14829  5  3 92  0  0
 2  0    768 389668 865768 2381288    0    0     0   800 6593 14611  5  3 92  0  0
 0  0    768 379588 865768 2381288    0    0     0     0 6459 13922  6  2 93  0  0
 1  0    768 369256 865768 2381288    0    0     0     0 6817 13820  5  2 92  0  0
 1  0    768 359176 865768 2381288    0    0     0     0 6501 15046  6  2 92  0  0

